crc16sick
	0 9899
	1 7754
	2 5751
	3 4764
	4 3947
	5 3284
	6 2929
	7 2555
	8 2189
	9 2005
	10 1675
	11 1340
	12 1243
	13 1072
	14 932
	15 736
	16 685
	17 587
	18 519
	19 420
	20 320
	21 320
	22 270
	23 239
	24 209
	25 167
	26 155
	27 123
	28 122
	29 84
	30 60
	31 56
	32 39
	33 24
	34 28
	35 22
	36 27
	37 12
	38 18
	39 6
	40 3
	41 1
	42 2
	43 0
	44 1
	46 0
crc16dnp
	0 1249
	1 3581
	2 6621
	3 9512
	4 11008
	5 10686
	6 8468
	7 6041
	8 3808
	9 2212
	10 1147
	11 540
	12 242
	13 101
	14 33
	15 9
	16 2
	17 2
adler32
	0 85003
	1 31040
	2 16679
	3 10568
	4 6713
	5 4539
	6 3221
	7 2135
	8 1317
	9 842
	10 488
	11 283
	12 168
	13 99
	14 42
	15 27
	16 12
	17 3
	18 4
crc16
	0 1293
	1 3790
	2 6852
	3 9612
	4 10734
	5 10208
	6 8317
	7 6069
	8 3867
	9 2303
	10 1163
	11 581
	12 284
	13 118
	14 49
	15 26
	16 3
	17 3
	18 3
crc16kermit
	0 1220
	1 3554
	2 6689
	3 9662
	4 11017
	5 10489
	6 8503
	7 6075
	8 3833
	9 2174
	10 1157
	11 531
	12 234
	13 107
	14 37
	15 12
	16 2
	17 0
crc32
	0 373974
	1 17
crc16xmodem
	0 1195
	1 3454
	2 6828
	3 9610
	4 11126
	5 10513
	6 8419
	7 6035
	8 3907
	9 2218
	10 1124
	11 534
	12 206
	13 95
	14 32
	15 16
	16 3
